Multiplications
---------------------
t1
3 3
1 2 0
0 1 1
2 0 1
3 3
1 1 2
2 1 1
1 2 1
------------------------
t2
2 3
2 3 1
1 -7 4
3 3
3 4 5
1 1 4
2 1 4
-----------------------
t3
2 3
1 2 1
1 1 1
2 3
3 4 5
6 1 9
----------------------
t4
2 3
1 2 1
1 1 1

3 2
3 6
4 1
5 9
-------------------------------------
5
0 0 0 0 0
----------------------
11
99 90 88 77 66 55 55 44 33 22 11
-----------------------------------
10
1 2 3 4 5 6 7 7 8 9
------------------------------------
9
12 12 23 4 6 6 10 -35 28

